00000
00002
00004
00005
00006
00007
00008
00009
00010
00012
00013
00014
00015
00016
00017
00019
00020
00021
00022
00024
00025
00026
00028
00030
00032
00033
00035
00036
00040
00043
00045
00046
00047
00050
00051
00052
00055
00056
00057
00058
00059
00060
00062
00063
00064
00066
00067
00068
00069
00070
00071
00072
00073
00074
00075
00076
00077
00078
00080
00082
00083
00084
00085
00089
00090
00091
00092
00094
00095
00097
00098
00099
00100
00101
00103
00104
00105
00107
00109
00111
00112
00113
00114
00116
00117
00118
00119
00120
00122
00123
00126
00127
00128
00129
00130
00131
00132
00133
00134
00135
00136
00137
00138
00141
00144
00145
00146
00148
00149
00150
00153
00154
00156
00157
00159
00160
00161
00162
00165
00166
00167
00168
00170
00172
00173
00174
00175
00176
00177
00178
00179
00180
00181
00182
00183
00184
00185
00186
00192
00195
00196
00197
00198
00199
00200
00201
00202
00203
00204
00205
00206
00207
00210
00211
00212
00213
00214
00215
00218
00220
00221
00222
00223
00225
00226
00227
00228
00229
00230
00231
00232
00234
00236
00237
00238
00239
00242
00244
00247
00248
00249
00250
00254
00255
00256
00257
00258
00261
00262
00264
00265
00266
00267
00268
00269
00270
00271
00272
00273
00275
00276
00278
00279
00280
00283
00284
00287
00289
00293
00294
00295
00297
00298
00299
00301
00303
00304
00305
00306
00307
00308
00309
00310
00311
00312
00313
00314
00315
00316
00317
00320
00323
00324
00325
00327
00328
00329
00330
00331
00333
00337
00338
00339
00340
00341
00342
00343
00345
00346
00348
00349
00350
00354
00356
00357
00358
00360
00361
00362
00363
00365
00366
00367
00368
00370
00371
00372
00373
00375
00376
00381
00382
00383
00384
00385
00386
00387
00388
00390
00391
00393
00395
00397
00398
00399
00401
00402
00403
00404
00407
00410
00412
00414
00415
00416
00418
00421
00422
00423
00424
00425
00426
00427
00428
00429
00430
00432
00435
00436
00437
00439
00440
00441
00443
00445
00448
00449
00450
00451
00452
00454
00455
00456
00457
00458
00459
00460
00461
00462
00463
00464
00466
00468
00470
00471
00472
00473
00475
00476
00477
00478
00480
00481
00483
00484
00485
00487
00488
00489
00490
00491
00493
00499
00502
00503
00507
00508
00509
00510
00512
00513
00514
00515
00516
00517
00520
00521
00522
00523
00524
00525
00526
00529
00530
00531
00534
00536
00537
00538
00540
00542
00543
00544
00546
00548
00549
00550
00551
00552
00553
00554
00556
00557
00560
00561
00562
00564
00566
00567
00568
00569
00570
00571
00572
00574
00575
00576
00577
00578
00581
00582
00584
00585
00586
00588
00591
00592
00596
00597
00598
00599
00600
00604
00606
00607
00608
00611
00612
00613
00615
00616
00617
00618
00619
00620
00622
00625
00626
00627
00628
00630
00632
00634
00635
00636
00637
00640
00641
00643
00645
00646
00647
00648
00650
00652
00653
00654
00655
00656
00658
00659
00660
00661
00665
00666
00667
00668
00670
00671
00672
00674
00675
00676
00677
00679
00680
00682
00683
00684
00687
00688
00689
00690
00691
00692
00696
00698
00699
00700
00701
00703
00704
00705
00706
00708
00709
00710
00712
00714
00715
00716
00717
00718
00719
00721
00724
00725
00726
00727
00729
00734
00735
00736
00737
00740
00741
00743
00744
00745
00747
00750
00751
00752
00755
00756
00757
00758
00759
00760
00761
00762
00763
00764
00765
00767
00769
00770
00772
00773
00774
00775
00777
00778
00779
00780
00781
00783
00784
00785
00786
00788
00789
00790
00793
00794
00795
00796
00797
00798
00801
00802
00803
00804
00805
00806
00807
00808
00809
00810
00811
00812
00813
00814
00817
00818
00821
00822
00826
00827
00829
00830
00832
00833
00834
00836
00837
00838
00840
00841
00842
00844
00845
00847
00848
00851
00853
00855
00856
00858
00859
00860
00863
00864
00866
00867
00869
00870
00871
00872
00873
00875
00877
00879
00880
00882
00885
00886
00887
00889
00890
00891
00892
00896
00897
00899
00902
00905
00907
00908
00910
00912
00913
00916
00919
00920
00921
00922
00923
00924
00925
00926
00927
00928
00929
00930
00932
00933
00935
00937
00939
00940
00941
00943
00944
00945
00947
00948
00949
00950
00952
00955
00956
00957
00958
00959
00960
00963
00966
00968
00969
00970
00972
00974
00975
00976
00977
00979
00980
00984
00986
00987
00988
00989
00990
00991
00992
00993
00994
00995
00996
00997
00998
00999
01000
01001
01004
01005
01007
01008
01010
01011
01012
01014
01017
01018
01019
01020
01021
01023
01025
01026
01027
01030
01031
01032
01033
01034
01035
01036
01037
01038
01039
01041
01042
01043
01044
01045
01047
01048
01049
01054
01056
01057
01058
01059
01060
01062
01063
01064
01065
01066
01067
01068
01069
01070
01072
01073
01076
01078
01079
01080
01081
01082
01084
01085
01086
01088
01089
01090
01091
01092
01093
01094
01095
01096
01097
01098
01100
01101
01102
01103
01104
01105
01106
01108
01112
01113
01114
01115
01116
01117
01118
01119
01120
01121
01122
01125
01126
01128
01131
01132
01133
01134
01135
01136
01137
01138
01139
01140
01142
01144
01145
01146
01147
01148
01149
01151
01152
01154
01155
01156
01158
01160
01161
01162
01163
01164
01165
01166
01168
01169
01172
01173
01174
01176
01177
01179
01181
01182
01184
01186
01187
01188
01189
01190
01191
01192
01195
01196
01198
01199
01201
01202
01204
01205
01206
01207
01209
01211
01212
01213
01214
01215
01216
01219
01222
01223
01224
01225
01226
01227
01230
01231
01232
01234
01236
01237
01238
01239
01241
01243
01246
01247
01248
01249
01251
01253
01254
01256
01257
01258
01260
01261
01262
01264
01265
01266
01268
01269
01271
01272
01273
01275
01276
01277
01278
01279
01280
01281
01283
01284
01285
01288
01289
01290
01291
01293
01294
01295
01297
01300
01302
01303
01304
01306
01307
01308
01310
01311
01313
01314
01315
01316
01317
01318
01321
01322
01323
01324
01325
01326
01327
01328
01329
01330
01331
01332
01336
01337
01339
01340
01343
01344
01347
01348
01349
01351
01353
01354
01358
01360
01362
01363
01366
01367
01368
01369
01370
01373
01374
01375
01376
01378
01381
01382
01383
01384
01385
01387
01389
01390
01391
01393
01394
01397
01399
01400
01401
01402
01403
01406
01407
01408
01409
01410
01411
01412
01414
01416
01417
01419
01421
01422
01425
01427
01428
01429
01430
01431
01432
01433
01437
01439
01441
01442
01443
01444
01446
01447
01449
01451
01452
01455
01456
01457
01461
01463
01464
01465
01466
01467
01468
01469
01470
01471
01473
01474
01475
01478
01479
01480
01481
01482
01484
01485
01487
01489
01490
01491
01492
01493
01494
01495
01496
01497
01498
01500
01503
01504
01505
01508
01510
01513
01514
01515
01517
01518
01519
01520
01521
01522
01523
01524
01526
01527
01528
01529
01530
01531
01533
01534
01536
01538
01541
01542
01543
01545
01546
01547
01548
01549
01551
01552
01553
01554
01556
01557
01560
01561
01562
01564
01565
01566
01567
01568
01569
01570
01571
01572
01573
01574
01576
01578
01579
01580
01581
01582
01583
01584
01585
01588
01589
01590
01591
01592
01595
01597
01598
01599
01600
01602
01603
01605
01606
01607
01608
01609
01612
01614
01615
01617
01618
01619
01620
01621
01622
01624
01625
01627
01628
01629
01630
01631
01632
01633
01635
01636
01637
01638
01639
01640
01641
01642
01643
01644
01645
01650
01652
01653
01655
01657
01658
01660
01661
01662
01664
01665
01667
01668
01669
01670
01671
01672
01673
01674
01676
01677
01681
01682
01684
01685
01687
01688
01689
01692
01693
01695
01697
01698
01699
01701
01702
01703
01704
01705
01706
01708
01709
01710
01711
01713
01715
01716
01717
01719
01720
01721
01722
01723
01724
01726
01727
01728
01729
01730
01731
01734
01736
01737
01738
01740
01741
01742
01743
01744
01746
01747
01750
01751
01753
01754
01756
01758
01759
01761
01762
01763
01764
01765
01768
01769
01770
01772
01776
01777
01778
01779
01780
01782
01783
01785
01787
01788
01790
01792
01793
01794
01796
01797
01799
01801
01802
01804
01806
01809
01810
01811
01812
01813
01814
01816
01817
01820
01821
01822
01823
01824
01825
01826
01828
01829
01830
01831
01832
01833
01836
01837
01838
01839
01841
01843
01844
01845
01847
01849
01850
01853
01854
01855
01858
01861
01862
01863
01864
01865
01867
01870
01871
01873
01874
01878
01880
01881
01883
01884
01885
01887
01888
01889
01890
01892
01894
01895
01896
01897
01898
01899
01901
01902
01905
01907
01909
01910
01912
01915
01918
01919
01923
01924
01926
01928
01931
01933
01935
01936
01937
01938
01940
01943
01944
01945
01946
01948
01949
01951
01954
01955
01956
01957
01958
01960
01961
01962
01963
01964
01967
01969
01970
01972
01973
01975
01976
01978
01980
01981
01983
01984
01985
01986
01988
01989
01990
01991
01993
01994
01995
01996
01998
01999
02000
02002
02003
02004
02005
02007
02008
02010
02011
02012
02014
02015
02016
02017
02018
02019
02020
02021
02022
02023
02025
02026
02027
02029
02030
02032
02033
02036
02037
02038
02040
02043
02044
02045
02046
02047
02048
02049
02050
02051
02053
02054
02055
02057
02058
02059
02060
02061
02062
02063
02064
02065
02066
02067
02068
02071
02073
02076
02077
02078
02079
02082
02084
02086
02087
02088
02089
02092
02094
02095
02096
02098
02100
02101
02104
02105
02106
02107
02108
02109
02112
02113
02114
02115
02116
02118
02122
02123
02124
02125
02126
02129
02130
02131
02132
02133
02134
02135
02136
02137
02138
02141
02142
02143
02144
02146
02148
02149
02150
02151
02153
02154
02155
02156
02157
02158
02160
02162
02163
02164
02165
02167
02168
02170
02171
02172
02174
02175
02176
02177
02178
02179
02181
02182
02183
02184
02185
02186
02187
02190
02191
02192
02193
02194
02197
02198
02201
02203
02204
02205
02209
02210
02212
02213
02214
02216
02217
02218
02219
02220
02224
02225
02226
02227
02229
02230
02231
02232
02233
02234
02235
02236
02237
02239
02240
02242
02243
02244
02245
02247
02248
02249
02251
02253
02254
02255
02256
02259
02260
02262
02263
02264
02265
02266
02268
02269
02270
02271
02272
02274
02275
02277
02279
02281
02282
02283
02284
02285
02286
02287
02288
02290
02291
02293
02294
02295
02298
02300
02301
02302
02303
02304
02305
02307
02309
02310
02312
02313
02316
02317
02319
02320
02321
02322
02323
02324
02325
02326
02328
02329
02330
02331
02333
02334
02336
02337
02340
02346
02347
02348
02349
02350
02351
02352
02353
02356
02357
02358
02359
02360
02361
02362
02363
02366
02367
02368
02369
02370
02372
02374
02375
02376
02377
02378
02379
02380
02383
02384
02385
02386
02387
02388
02391
02392
02393
02394
02395
02396
02397
02399
02400
02401
02402
02403
02404
02405
02406
02407
02409
02411
02412
02413
02415
02419
02422
02424
02425
02426
02427
02428
02431
02432
02433
02435
02436
02437
02442
02443
02445
02446
02447
02448
02449
02450
02452
02453
02454
02455
02456
02457
02458
02461
02462
02464
02466
02467
02468
02470
02471
02473
02474
02475
02476
02478
02479
02480
02481
02484
02485
02487
02488
02489
02490
02491
02492
02494
02496
02497
02499
02500
02501
02502
02506
02508
02510
02511
02512
02513
02514
02516
02518
02520
02521
02522
02523
02524
02525
02526
02527
02528
02529
02530
02531
02534
02535
02536
02537
02538
02539
02540
02542
02543
02545
02546
02547
02549
02554
02555
02556
02557
02558
02559
02560
02561
02562
02564
02566
02568
02569
02571
02572
02573
02574
02575
02576
02577
02578
02579
02581
02582
02583
02584
02587
02588
02590
02591
02593
02596
02598
02599
02601
02603
02604
02605
02607
02608
02610
02611
02613
02616
02617
02618
02619
02623
02625
02627
02628
02629
02630
02631
02632
02634
02635
02636
02637
02638
02639
02641
02643
02644
02645
02646
02647
02649
02650
02651
02652
02654
02655
02657
02658
02659
02660
02661
02662
02663
02664
02666
02667
02668
02670
02674
02675
02676
02677
02678
02679
02680
02683
02684
02685
02686
02687
02691
02693
02694
02698
02699
02700
02701
02702
02703
02704
02706
02707
02708
02709
02710
02711
02712
02715
02716
02717
02718
02719
02720
02721
02722
02723
02724
02725
02727
02728
02729
02730
02731
02733
02734
02735
02736
02737
02738
02739
02740
02741
02742
02743
02745
02747
02748
02749
02750
02753
02754
02756
02757
02758
02760
02761
02762
02763
02764
02767
02768
02769
02770
02771
02772
02774
02775
02779
02780
02782
02785
02787
02788
02789
02790
02791
02793
02794
02795
02796
02797
02798
02799
02800
02801
02802
02803
02805
02807
02810
02811
02812
02815
02817
02818
02819
02820
02821
02822
02823
02825
02827
02828
02831
02832
02833
02834
02835
02836
02839
02843
02844
02845
02846
02847
02849
02852
02853
02854
02855
02857
02858
02860
02861
02862
02864
02867
02870
02872
02874
02875
02876
02877
02878
02879
02880
02881
02882
02883
02884
02885
02888
02889
02891
02892
02893
02894
02895
02896
02900
02901
02902
02903
02904
02905
02906
02907
02908
02909
02910
02911
02913
02914
02915
02916
02917
02918
02919
02920
02921
02922
02923
02924
02925
02926
02928
02929
02930
02931
02932
02933
02934
02938
02939
02940
02941
02942
02943
02944
02945
02946
02947
02948
02949
02950
02952
02954
02955
02956
02957
02958
02959
02961
02962
02963
02965
02966
02967
02969
02970
02971
02972
02973
02974
02977
02978
02980
02983
02984
02985
02987
02990
02991
02992
02993
02994
02995
02996
02998
02999
03000
03001
03003
03004
03006
03007
03008
03009
03010
03011
03012
03013
03014
03015
03016
03017
03018
03019
03020
03023
03024
03026
03029
03031
03033
03034
03036
03037
03038
03039
03040
03042
03043
03044
03045
03046
03048
03049
03050
03051
03052
03053
03054
03055
03057
03058
03059
03060
03064
03065
03066
03068
03070
03072
03074
03075
03076
03077
03078
03079
03080
03081
03082
03085
03087
03093
03094
03096
03097
03098
03101
03102
03103
03104
03105
03106
03107
03109
03110
03111
03113
03115
03117
03118
03120
03121
03122
03123
03125
03127
03128
03129
03131
03132
03134
03136
03138
03139
03140
03141
03144
03147
03148
03149
03150
03151
03152
03153
03154
03156
03157
03158
03159
03160
03161
03163
03164
03165
03167
03168
03169
03170
03171
03172
03174
03175
03177
03179
03181
03183
03185
03186
03189
03190
03191
03192
03193
03194
03196
03200
03201
03203
03204
03205
03206
03207
03208
03209
03211
03213
03214
03215
03216
03217
03219
03222
03223
03224
03227
03228
03229
03230
03234
03237
03238
03239
03240
03241
03242
03243
03245
03246
03248
03249
03250
03253
03255
03257
03260
03261
03262
03263
03265
03266
03267
03268
03269
03273
03274
03275
03276
03277
03278
03279
03280
03281
03284
03285
03286
03287
03288
03289
03291
03292
03293
03294
03295
03296
03297
03298
03299
03300
03301
03302
03303
03305
03306
03307
03309
03310
03312
03313
03315
03316
03317
03318
03320
03321
03322
03323
03325
03328
03330
03331
03332
03335
03336
03338
03339
03340
03341
03343
03346
03347
03348
03349
03351
03354
03355
03357
03358
03359
03361
03362
03366
03367
03368
03371
03372
03373
03374
03378
03380
03381
03382
03384
03386
03387
03388
03389
03390
03391
03392
03393
03395
03396
03399
03401
03402
03404
03405
03406
03407
03410
03412
03413
03414
03415
03416
03418
03419
03420
03421
03422
03423
03424
03425
03427
03428
03429
03431
03432
03433
03434
03437
03439
03440
03441
03442
03444
03448
03452
03454
03455
03456
03460
03462
03463
03464
03465
03466
03468
03469
03470
03471
03472
03473
03474
03479
03480
03481
03482
03483
03484
03485
03486
03487
03488
03490
03491
03492
03493
03497
03498
03501
03502
03503
03507
03508
03509
03510
03512
03513
03514
03515
03517
03518
03522
03523
03524
03526
03527
03528
03529
03531
03532
03534
03535
03536
03538
03540
03543
03544
03545
03549
03550
03552
03553
03554
03555
03556
03557
03559
03560
03561
03563
03564
03565
03566
03567
03568
03569
03570
03571
03573
03575
03576
03577
03578
03579
03580
03581
03582
03583
03586
03587
03588
03590
03592
03593
03595
03596
03599
03604
03605
03606
03607
03608
03610
03611
03613
03614
03615
03617
03619
03624
03625
03626
03630
03632
03634
03636
03637
03638
03639
03640
03643
03644
03645
03646
03647
03648
03649
03650
03652
03653
03654
03656
03661
03663
03664
03666
03667
03668
03670
03673
03674
03675
03676
03679
03681
03682
03683
03684
03687
03688
03689
03691
03692
03693
03694
03695
03697
03698
03699
03700
03701
03702
03704
03705
03709
03710
03712
03715
03717
03719
03720
03721
03722
03723
03724
03725
03726
03727
03728
03729
03730
03731
03732
03734
03735
03737
03738
03741
03742
03745
03746
03747
03748
03749
03752
03753
03754
03755
03756
03758
03760
03761
03763
03764
03766
03767
03768
03769
03770
03774
03776
03777
03778
03781
03782
03784
03786
03788
03789
03790
03791
03792
03793
03794
03796
03797
03798
03799
03800
03801
03802
03803
03804
03805
03806
03808
03810
03811
03812
03813
03814
03815
03816
03817
03819
03820
03821
03823
03824
03825
03826
03827
03829
03831
03833
03834
03836
03839
03840
03841
03842
03843
03845
03846
03847
03848
03849
